3.100000000e+01
2.170000000e+02
5.000000000e+02
9.620000000e+02
1.550000000e+03
1.916000000e+03
2.273000000e+03
2.632000000e+03
3.041000000e+03
3.346000000e+03
3.992000000e+03
4.608000000e+03
4.950000000e+03
5.627000000e+03
6.277000000e+03
6.680000000e+03
7.519000000e+03
8.354000000e+03
9.091000000e+03
9.950000000e+03
1.041700000e+04
1.098900000e+04
1.162800000e+04
1.273900000e+04
1.342300000e+04
1.481500000e+04
1.634000000e+04
1.748300000e+04
2.020200000e+04
2.500000000e+04
2.800000000e+04
3.176100000e+04
5.000000000e+04