0.125, 1.125, 0.375, 1.125, 0.625, 1.5, 0.625, 2.625, 2.75, 2.125, 2.0, 1.75, 4.5, 4.75, 5.0, 4.0, 4.5, 7.5, 14.0, 11.5, 26.0, 28.0, 30.0, 16.0),
(0.125, 1.125, 0.375, 1.125, 0.625, 1.5, 0.625, 2.625, 2.75, 2.125, 2.0, 1.75, 4.5, 4.75, 5.0, 4.0, 4.5, 7.5, 14.0, 11.5, 26.0, 28.0, 30.0, 16.0),
(0.0, 1.25, 1.625, 0.375, 0.375, 1.375, 1.125, 1.375, 0.125, 1.625, 3.75, 3.5, 7.5, 8.0, 6.0, 16.0, 11.0, 24.0, 26.0, 28.0, 24.0, 26.0, 0.0, 0.0),
(0.125, 1.125, 0.375, 1.125, 0.625, 1.5, 0.625, 2.625, 2.75, 2.125, 2.0, 1.75, 4.5, 4.75, 5.0, 4.0, 4.5, 7.5, 14.0, 11.5, 26.0, 28.0, 30.0, 16.0),
(0.25, 1.125, 1.5, 1.375, 0.25, 0.875, 0.625, 1.75, 3.625, 3.625, 14.5, 12.0, 0.0, 0.0, 0.0, 0.0, 0.0, 0.0, 0.0, 0.0, 0.0, 0.0, 0.0, 0.0),
(0.25, 1.125, 1.5, 1.375, 0.25, 0.875, 0.625, 1.75, 3.625, 3.625, 14.5, 12.0, 0.0, 0.0, 0.0, 0.0, 0.0, 0.0, 0.0, 0.0, 0.0, 0.0, 0.0, 0.0),
(0.25, 1.125, 1.5, 1.375, 0.25, 0.875, 0.625, 1.75, 3.625, 3.625, 14.5, 12.0, 0.0, 0.0, 0.0, 0.0, 0.0, 0.0, 0.0, 0.0, 0.0, 0.0, 0.0, 0.0),
(0.25, 1.125, 1.5, 1.375, 0.25, 0.875, 0.625, 1.75, 3.625, 3.625, 14.5, 12.0, 0.0, 0.0, 0.0, 0.0, 0.0, 0.0, 0.0, 0.0, 0.0, 0.0, 0.0, 0.0),
(0.25, 1.125, 1.5, 1.375, 0.25, 0.875, 0.625, 1.75, 3.625, 3.625, 14.5, 12.0, 0.0, 0.0, 0.0, 0.0, 0.0, 0.0, 0.0, 0.0, 0.0, 0.0, 0.0, 0.0),
(0.25, 1.125, 1.5, 1.375, 0.25, 0.875, 0.625, 1.75, 3.625, 3.625, 14.5, 12.0, 0.0, 0.0, 0.0, 0.0, 0.0, 0.0, 0.0, 0.0, 0.0, 0.0, 0.0, 0.0),
(0.25, 1.125, 1.5, 1.375, 0.25, 0.875, 0.625, 1.75, 3.625, 3.625, 14.5, 12.0, 0.0, 0.0, 0.0, 0.0, 0.0, 0.0, 0.0, 0.0, 0.0, 0.0, 0.0, 0.0),
(0.25, 1.125, 1.5, 1.375, 0.25, 0.875, 0.625, 1.75, 3.625, 3.625, 14.5, 12.0, 0.0, 0.0, 0.0, 0.0, 0.0, 0.0, 0.0, 0.0, 0.0, 0.0, 0.0, 0.0),
(0.25, 1.125, 1.5, 1.375, 0.25, 0.875, 0.625, 1.75, 3.625, 3.625, 14.5, 12.0, 0.0, 0.0, 0.0, 0.0, 0.0, 0.0, 0.0, 0.0, 0.0, 0.0, 0.0, 0.0),
(0.25, 1.125, 1.5, 1.375, 0.25, 0.875, 0.625, 1.75, 3.625, 3.625, 14.5, 12.0, 0.0, 0.0, 0.0, 0.0, 0.0, 0.0, 0.0, 0.0, 0.0, 0.0, 0.0, 0.0),
(0.5, 0.625, 0.375, 0.625, 1.125, 2.625, 0.0, 0.25, 1.375, 4.0, 4.25, 5.0, 8.0, 8.0, 0.0, 0.0, 0.0, 0.0, 0.0, 0.0, 0.0, 0.0, 0.0, 0.0),
(0.25, 1.125, 1.5, 1.375, 0.25, 0.875, 0.625, 1.75, 3.625, 3.625, 14.5, 12.0, 0.0, 0.0, 0.0, 0.0, 0.0, 0.0, 0.0, 0.0, 0.0, 0.0, 0.0, 0.0),
(0.25, 1.125, 1.5, 1.375, 0.25, 0.875, 0.625, 1.75, 3.625, 3.625, 14.5, 12.0, 0.0, 0.0, 0.0, 0.0, 0.0, 0.0, 0.0, 0.0, 0.0, 0.0, 0.0, 0.0),
(0.5, 1.25, 1.875, 0.125, 1.5, 1.0, 0.75, 1.5, 0.625, 2.625, 5.0, 4.0, 4.5, 3.0, 4.0, 6.0, 0.0, 0.0, 0.0, 0.0, 0.0, 0.0, 0.0, 0.0),
(0.25, 1.125, 1.5, 1.375, 0.25, 0.875, 0.625, 1.75, 3.625, 3.625, 14.5, 12.0, 0.0, 0.0, 0.0, 0.0, 0.0, 0.0, 0.0, 0.0, 0.0, 0.0, 0.0, 0.0),
(0.0, 0.125, 0.75, 1.0, 0.75, 2.625, 0.125, 1.25, 2.0, 1.0, 4.5, 5.0, 0.0, 0.0, 0.0, 0.0, 0.0, 0.0, 0.0, 0.0, 0.0, 0.0, 0.0, 0.0),
(0.25, 1.125, 1.5, 1.375, 0.25, 0.875, 0.625, 1.75, 3.625, 3.625, 14.5, 12.0, 0.0, 0.0, 0.0, 0.0, 0.0, 0.0, 0.0, 0.0, 0.0, 0.0, 0.0, 0.0